
WARNING: 2021-12-09 13:59:39.083248  OPEN_TOO_EARLY

ERROR:   2021-12-09 14:15:02.173970  UNABLE_TO_FINISH_TRANSACTION

ERROR:   2021-12-09 14:19:21.721787  EVENT_NOT_AVAILABLE

ERROR:   2021-12-09 14:22:54.949278  UNABLE_TO_FIND_LOGIN_BUTTON
